%YAML:1.0
cameraMatrix: !!opencv-matrix
   rows: 3
   cols: 3
   dt: d
   data: [ 1.4248363104760695e+03, 0., 9.5950000000000000e+02, 0.,
       1.4248363104760695e+03, 5.3950000000000000e+02, 0., 0., 1. ]
imageSize_width: 1920
imageSize_height: 1080
sensorSize_width: 0
sensorSize_height: 0
distCoeffs: !!opencv-matrix
   rows: 8
   cols: 1
   dt: d
   data: [ 8.6378888889264554e-05, -1.5551345197744612e-02,
       -2.4395143393482104e-03, -1.5730731963041504e-03,
       8.0174152666808746e-02, -2.3322285851832040e-04,
       5.0428314591648732e-02, -1.2595521097005721e-03 ]
reprojectionError: 9.2251670360565186e-01
features:
   - [ 1.72091919e+03, 8.52913635e+02, 1.61848352e+03, 8.63183533e+02,
       1.51377979e+03, 8.73774475e+02, 1.40655859e+03, 8.84334290e+02,
       1.29683911e+03, 8.95156494e+02, 1.18260022e+03, 9.05256470e+02,
       1.06858704e+03, 9.15594177e+02, 9.52307922e+02, 9.26161194e+02,
       8.33144897e+02, 9.36626160e+02, 7.11522522e+02, 9.47361877e+02,
       1.69540527e+03, 7.43585632e+02, 1.59520349e+03, 7.52435181e+02,
       1.49255957e+03, 7.61495728e+02, 1.38742053e+03, 7.70657227e+02,
       1.27976489e+03, 7.79952576e+02, 1.16829333e+03, 7.88984436e+02,
       1.05640674e+03, 7.97839478e+02, 9.42351929e+02, 8.06810425e+02,
       8.25728394e+02, 8.15770081e+02, 7.06746155e+02, 8.25096497e+02,
       1.67080151e+03, 6.38567810e+02, 1.57248560e+03, 6.46030029e+02,
       1.47206165e+03, 6.53627502e+02, 1.36888696e+03, 6.61332825e+02,
       1.26340210e+03, 6.69313599e+02, 1.15460815e+03, 6.76880371e+02,
       1.04486292e+03, 6.84466797e+02, 9.32949707e+02, 6.92172424e+02,
       8.18659973e+02, 6.99739014e+02, 7.02031799e+02, 7.07277100e+02,
       1.64734045e+03, 5.37634949e+02, 1.55081567e+03, 5.43828979e+02,
       1.45202551e+03, 5.50061707e+02, 1.35117273e+03, 5.56420227e+02,
       1.24778882e+03, 5.62991821e+02, 1.14140137e+03, 5.69276123e+02,
       1.03371753e+03, 5.75657227e+02, 9.24021484e+02, 5.82158569e+02,
       8.11897522e+02, 5.88379333e+02, 6.97739441e+02, 5.94487671e+02,
       1.62481372e+03, 4.40467529e+02, 1.53016553e+03, 4.45354462e+02,
       1.43317859e+03, 4.50279144e+02, 1.33398767e+03, 4.55422760e+02,
       1.23262146e+03, 4.60681702e+02, 1.12871436e+03, 4.65922729e+02,
       1.02334534e+03, 4.71038849e+02, 9.15407898e+02, 4.76135925e+02,
       8.05669250e+02, 4.81136047e+02, 6.93382446e+02, 4.85904877e+02,
       1.60371411e+03, 3.46876282e+02, 1.51026367e+03, 3.50742981e+02,
       1.41484216e+03, 3.54602020e+02, 1.31761792e+03, 3.58443390e+02,
       1.21810132e+03, 3.62568848e+02, 1.11639539e+03, 3.66867188e+02,
       1.01302264e+03, 3.70530945e+02, 9.07359741e+02, 3.74214508e+02,
       7.99542053e+02, 3.78102112e+02, 6.89563477e+02, 3.81554047e+02,
       1.58318420e+03, 2.56432190e+02, 1.49102820e+03, 2.59396240e+02,
       1.39735559e+03, 2.62246490e+02, 1.30176318e+03, 2.65275818e+02,
       1.20400720e+03, 2.68089935e+02, 1.10472314e+03, 2.71529785e+02,
       1.00329742e+03, 2.73930206e+02, 8.99633057e+02, 2.76534058e+02,
       7.93677734e+02, 2.78957977e+02, 6.85997742e+02, 2.81360504e+02 ]
   - [ 1.68012317e+03, 7.83031433e+02, 1.56513159e+03, 7.91428040e+02,
       1.44865198e+03, 7.99813538e+02, 1.33003650e+03, 8.08372864e+02,
       1.20947961e+03, 8.16841125e+02, 1.08467761e+03, 8.24670532e+02,
       9.60879456e+02, 8.32321106e+02, 8.35552612e+02, 8.40000366e+02,
       7.07843384e+02, 8.47725647e+02, 5.78742920e+02, 8.55531250e+02,
       1.65505139e+03, 6.65980896e+02, 1.54323865e+03, 6.73096008e+02,
       1.42923755e+03, 6.80383667e+02, 1.31324353e+03, 6.87498779e+02,
       1.19549744e+03, 6.94912476e+02, 1.07399121e+03, 7.01850037e+02,
       9.52967346e+02, 7.08674011e+02, 8.30227600e+02, 7.15361084e+02,
       7.05778748e+02, 7.21806641e+02, 5.79494141e+02, 7.28607971e+02,
       1.63132239e+03, 5.54178833e+02, 1.52170142e+03, 5.60119751e+02,
       1.41029614e+03, 5.66122375e+02, 1.29709863e+03, 5.72215454e+02,
       1.18201831e+03, 5.78518311e+02, 1.06372156e+03, 5.84427002e+02,
       9.45349731e+02, 5.90174255e+02, 8.25356506e+02, 5.96009827e+02,
       7.03647217e+02, 6.01549072e+02, 5.80184448e+02, 6.06932434e+02,
       1.60855432e+03, 4.47130341e+02, 1.50138367e+03, 4.52047363e+02,
       1.39248560e+03, 4.56974396e+02, 1.28160864e+03, 4.61880188e+02,
       1.16919458e+03, 4.67107147e+02, 1.05400623e+03, 4.72094177e+02,
       9.38160278e+02, 4.76873322e+02, 8.20697266e+02, 4.81932831e+02,
       7.01551880e+02, 4.86302124e+02, 5.80722290e+02, 4.90546448e+02,
       1.58697729e+03, 3.44852356e+02, 1.48204321e+03, 3.48446411e+02,
       1.37533374e+03, 3.52403687e+02, 1.26699597e+03, 3.56486908e+02,
       1.15689038e+03, 3.60464417e+02, 1.04441650e+03, 3.64619659e+02,
       9.31149109e+02, 3.68436859e+02, 8.16226746e+02, 3.72260590e+02,
       6.99734070e+02, 3.75968140e+02, 5.81590881e+02, 3.79187988e+02,
       1.56660767e+03, 2.46392700e+02, 1.46370715e+03, 2.49331482e+02,
       1.35915601e+03, 2.52258423e+02, 1.25286902e+03, 2.55433212e+02,
       1.14508582e+03, 2.58725708e+02, 1.03561047e+03, 2.62245667e+02,
       9.24544800e+02, 2.64934479e+02, 8.12162292e+02, 2.67552124e+02,
       6.98158203e+02, 2.70473785e+02, 5.82465454e+02, 2.72765930e+02,
       1.54709705e+03, 1.51931396e+02, 1.44590759e+03, 1.54168915e+02,
       1.34357361e+03, 1.56512741e+02, 1.23941284e+03, 1.58746658e+02,
       1.13361621e+03, 1.61086441e+02, 1.02686877e+03, 1.63949051e+02,
       9.18374451e+02, 1.65572571e+02, 8.08324402e+02, 1.67604980e+02,
       6.96516235e+02, 1.69052002e+02, 5.83233887e+02, 1.70726822e+02 ]
   - [ 1.70085510e+03, 9.02473511e+02, 1.51285034e+03, 9.03705444e+02,
       1.33364001e+03, 9.04792236e+02, 1.16293079e+03, 9.05223206e+02,
       1.00071576e+03, 9.05566895e+02, 8.43565674e+02, 9.04641174e+02,
       6.96327637e+02, 9.03134277e+02, 5.55980042e+02, 9.01592041e+02,
       4.22184082e+02, 8.99780701e+02, 2.94685791e+02, 8.97679077e+02,
       1.66851477e+03, 7.37966187e+02, 1.49227026e+03, 7.42444031e+02,
       1.32345752e+03, 7.46878784e+02, 1.16239124e+03, 7.50621155e+02,
       1.00858154e+03, 7.54571350e+02, 8.59660461e+02, 7.57186401e+02,
       7.20188782e+02, 7.59348633e+02, 5.85947693e+02, 7.61174622e+02,
       4.57867401e+02, 7.62650452e+02, 3.35223114e+02, 7.63689453e+02,
       1.63967957e+03, 5.91054810e+02, 1.47378491e+03, 5.98305542e+02,
       1.31448865e+03, 6.05416077e+02, 1.16193372e+03, 6.11902039e+02,
       1.01578766e+03, 6.18427917e+02, 8.74531311e+02, 6.23708740e+02,
       7.40976196e+02, 6.28845947e+02, 6.13440186e+02, 6.33772217e+02,
       4.90285187e+02, 6.37429993e+02, 3.72288818e+02, 6.40743958e+02,
       1.61384766e+03, 4.60333954e+02, 1.45711243e+03, 4.69386169e+02,
       1.30628015e+03, 4.78481934e+02, 1.16152063e+03, 4.86862091e+02,
       1.02248193e+03, 4.95173340e+02, 8.88002930e+02, 5.03036560e+02,
       7.60484558e+02, 5.10151215e+02, 6.37879639e+02, 5.17424622e+02,
       5.19796021e+02, 5.23030457e+02, 4.05811523e+02, 5.28317749e+02,
       1.59106897e+03, 3.42257446e+02, 1.44233972e+03, 3.52654419e+02,
       1.29879016e+03, 3.63362000e+02, 1.16125525e+03, 3.73710510e+02,
       1.02855896e+03, 3.83476013e+02, 9.00322815e+02, 3.93210144e+02,
       7.77932373e+02, 4.01848267e+02, 6.60116455e+02, 4.10220276e+02,
       5.46404724e+02, 4.17738861e+02, 4.36746979e+02, 4.24702087e+02,
       1.56990210e+03, 2.34799973e+02, 1.42846313e+03, 2.47243637e+02,
       1.29220288e+03, 2.59107422e+02, 1.16076282e+03, 2.70726227e+02,
       1.03394507e+03, 2.82144531e+02, 9.11797668e+02, 2.93134125e+02,
       7.94144775e+02, 3.03010620e+02, 6.80790527e+02, 3.12263489e+02,
       5.71590759e+02, 3.21377350e+02, 4.65747772e+02, 3.29492310e+02,
       1.55022937e+03, 1.37023117e+02, 1.41577441e+03, 1.51022552e+02,
       1.28586768e+03, 1.63961670e+02, 1.16048010e+03, 1.76835312e+02,
       1.03920068e+03, 1.89190628e+02, 9.22444275e+02, 2.01531448e+02,
